# This file may be used to create an environment using:
# $ conda create --name <env> --file <this file>
# platform: win-64
asgiref=3.3.0=py_0
beautifulsoup4=4.9.3=pyhb0f4dca_0
brotlipy=0.7.0=py38h294d835_1004
ca-certificates=2021.10.8=h5b45459_0
catalogue=2.0.6=py38haa244fe_1
certifi=2021.10.8=py38haa244fe_2
cffi=1.15.0=py38hd8c33c5_0
charset-normalizer=2.0.12=pyhd8ed1ab_0
click=8.0.4=py38haa244fe_0
colorama=0.4.4=pyh9f0ad1d_0
cryptography=36.0.2=py38hb7941b4_1
cymem=2.0.6=py38h885f38d_2
cython-blis=0.7.7=py38hbdcd294_0
dataclasses=0.8=pyhc8e2a94_3
django=3.1.2=py_0
dnspython=2.2.1=pyhd8ed1ab_0
email-validator=1.1.3=pyhd8ed1ab_0
email_validator=1.1.3=hd8ed1ab_0
flask=2.1.1=pyhd8ed1ab_0
flask-login=0.5.0=py_0
flask-sqlalchemy=2.5.1=pyhd8ed1ab_0
flask-wtf=1.0.1=pyhd8ed1ab_0
idna=3.3=pyhd8ed1ab_0
importlib-metadata=4.11.3=py38haa244fe_1
intel-openmp=2022.0.0=h57928b3_3663
itsdangerous=2.1.2=pyhd8ed1ab_0
jinja2=3.1.1=pyhd8ed1ab_0
joblib=1.1.0=pyhd8ed1ab_0
krb5=1.17.1=hc04afaa_0
langcodes=3.3.0=pyhd8ed1ab_0
libblas=3.9.0=14_win64_mkl
libcblas=3.9.0=14_win64_mkl
liblapack=3.9.0=14_win64_mkl
libpq=12.2=h3235a2c_0
markupsafe=2.1.1=py38h294d835_1
mkl=2022.0.0=h0e2418a_796
murmurhash=1.0.6=py38h885f38d_2
nltk=3.6.7=pyhd8ed1ab_0
numpy=1.22.3=py38hcf66579_1
openssl=1.1.1n=h8ffe710_0
packaging=21.3=pyhd8ed1ab_0
pathy=0.6.1=pyhd8ed1ab_0
pip=20.2.4=py38_0
preshed=3.0.6=py38h885f38d_1
psycopg2=2.8.5=py38h7a1dbc1_0
pycparser=2.21=pyhd8ed1ab_0
pydantic=1.8.2=py38h294d835_2
pyopenssl=22.0.0=pyhd8ed1ab_0
pyparsing=3.0.7=pyhd8ed1ab_0
pysocks=1.7.1=py38haa244fe_5
python=3.8.5=h5fd99cc_1
python_abi=3.8=2_cp38
pytz=2020.1=py_0
regex=2022.3.15=py38h2bbff1b_0
requests=2.27.1=pyhd3eb1b0_0
setuptools=50.3.0=py38h9490d1a_1
shellingham=1.4.0=pyh44b312d_0
smart_open=5.2.1=pyhd8ed1ab_0
soupsieve=2.0.1=py_0
spacy=3.2.4=py38h9e3ed74_0
spacy-legacy=3.0.9=pyhd8ed1ab_0
spacy-loggers=1.0.2=pyhd8ed1ab_0
sqlalchemy=1.3.19=py38he774522_0
sqlite=3.33.0=h2a8f88b_0
sqlparse=0.4.1=py_0
srsly=2.4.2=py38h885f38d_1
tbb=2021.5.0=h2d74725_1
thinc=8.0.15=py38h9e3ed74_0
tk=8.6.10=he774522_0
tqdm=4.64.0=pyhd8ed1ab_0
typer=0.4.1=pyhd8ed1ab_0
typing-extensions=4.1.1=hd8ed1ab_0
typing_extensions=4.1.1=pyha770c72_0
ucrt=10.0.20348.0=h57928b3_0
urllib3=1.26.9=pyhd8ed1ab_0
vc=14.1=h0510ff6_4
vs2015_runtime=14.29.30037=h902a5da_6
wasabi=0.9.1=pyhd8ed1ab_0
werkzeug=2.0.3=pyhd3eb1b0_0
wheel=0.35.1=py_0
win_inet_pton=1.1.0=py38haa244fe_4
wincertstore=0.2=py38_0
wtforms=3.0.1=pyhd8ed1ab_0
zipp=3.8.0=pyhd8ed1ab_0
zlib=1.2.11=vc14h1cdd9ab_1
